start=6846.125000
pause=yes
sub-scale=0.400000
